Time FPS-0 FVS-0 FVT-0 FDS-0 SHD-0 SB-0 PIN-0 WHB-0 WHT-0
0.000000e+00 121.690937 48006.605433 3784.227001 2287.866454 1212.218693 0.020294 28.823982 0.000000 57.913600
3.000000e+01 121.690937 4436696.051112 857.134080 2287.866454 1212.218693 0.020294 28.823982 0.000000 57.913600
6.000000e+01 121.690937 4436696.051112 857.134080 2287.866454 1212.218693 0.020294 28.823982 0.000000 57.913600
9.000000e+01 121.690937 4436696.051112 857.134080 2287.866454 1212.218693 0.020294 28.823982 0.000000 57.913600
1.200000e+02 121.690937 4436696.051112 857.134080 2405930.850594 1212.218693 0.020294 28.823982 0.000000 57.913600
1.500000e+02 121.690937 4436696.051112 857.134080 2405930.850594 1212.218693 0.020294 28.823982 0.000000 57.913600
1.800000e+02 3137.527127 4436696.051112 857.134080 2405930.850594 1212.218693 0.020294 28.823982 0.000000 57.913600
2.100000e+02 3137.527127 4436696.051112 857.134080 2405930.850594 1212.218693 0.020294 28.823982 0.000000 57.913600
2.400000e+02 3137.527127 4436696.051112 857.134080 2405930.850594 2.577100 0.020294 28.823982 0.000000 57.913600
2.700000e+02 3137.527127 4436696.051112 857.134080 2405930.850594 2.577100 0.020294 28.823982 0.000000 57.913600
3.000000e+02 3137.527127 4436696.051112 857.134080 2405930.850594 2.577100 0.000000 28.823982 0.000000 0.000000
3.300000e+02 3137.527127 4436696.051112 857.134080 2405930.850594 2.577100 0.000000 0.000000 0.000000 0.000000
3.600000e+02 3137.527127 4436696.051112 857.134080 2405930.850594 2.577100 0.000000 0.000000 0.000000 0.000000
3.650000e+02 3137.527127 4436696.051112 857.134080 2405930.850594 2.577100 0.000000 0.000000 0.000000 0.000000
3.900000e+02 3137.527127 11622621.762548 857.134080 2405930.850594 2.577100 0.000000 0.000000 0.000000 0.000000
4.200000e+02 3137.527127 11622621.762548 857.134080 2405930.850594 2.577100 0.000000 0.000000 0.000000 0.000000
4.500000e+02 3137.527127 11622621.762548 857.134080 2405930.850594 2.577100 0.000000 0.000000 0.000000 0.000000
4.800000e+02 3137.527127 11622621.762548 857.134080 1845688.216914 2.577100 0.000000 0.000000 0.000000 0.000000
5.100000e+02 3137.527127 11622621.762548 857.134080 1845688.216914 2.577100 0.000000 0.000000 0.000000 0.000000
5.400000e+02 2062.805380 11622621.762548 857.134080 1845688.216914 2.577100 0.000000 0.000000 0.000000 0.000000
5.700000e+02 2062.805380 11622621.762548 857.134080 1845688.216914 2.577100 0.000000 0.000000 0.000000 0.000000
6.000000e+02 2062.805380 11622621.762548 857.134080 1845688.216914 4.908444 0.000000 0.000000 0.000000 0.000000
6.300000e+02 2062.805380 11622621.762548 857.134080 1845688.216914 4.908444 0.000000 0.000000 0.000000 0.000000
6.600000e+02 2062.805380 11622621.762548 857.134080 1845688.216914 4.908444 0.000000 0.000000 0.000000 0.000000
6.900000e+02 2062.805380 11622621.762548 857.134080 1845688.216914 4.908444 0.000000 0.000000 0.000000 0.000000
7.200000e+02 2062.805380 11622621.762548 857.134080 1845688.216914 4.908444 0.000000 0.000000 0.000000 0.000000
7.300000e+02 2062.805380 11622621.762548 857.134080 1845688.216914 4.908444 0.000000 0.000000 0.000000 0.000000
7.500000e+02 2062.805380 19996306.113681 857.134080 1845688.216914 4.908444 0.000000 0.000000 0.000000 0.000000
7.800000e+02 2062.805380 19996306.113681 857.134080 1845688.216914 4.908444 0.000000 0.000000 0.000000 0.000000
8.100000e+02 2062.805380 19996306.113681 857.134080 1845688.216914 4.908444 0.000000 0.000000 0.000000 0.000000
8.400000e+02 2062.805380 19996306.113681 857.134080 2098365.346957 4.908444 0.000000 0.000000 0.000000 0.000000
8.700000e+02 2062.805380 19996306.113681 857.134080 2098365.346957 4.908444 0.000000 0.000000 0.000000 0.000000
9.000000e+02 2290.406977 19996306.113681 857.134080 2098365.346957 4.908444 0.000000 0.000000 0.000000 0.000000
9.300000e+02 2290.406977 19996306.113681 857.134080 2098365.346957 4.908444 0.000000 0.000000 0.000000 0.000000
9.600000e+02 2290.406977 19996306.113681 857.134080 2098365.346957 5.708970 0.000000 0.000000 0.000000 0.000000
9.900000e+02 2290.406977 19996306.113681 857.134080 2098365.346957 5.708970 0.000000 0.000000 0.000000 0.000000
1.020000e+03 2290.406977 19996306.113681 857.134080 2098365.346957 5.708970 0.000000 0.000000 0.000000 0.000000
1.050000e+03 2290.406977 19996306.113681 857.134080 2098365.346957 5.708970 0.000000 0.000000 0.000000 0.000000
1.080000e+03 2290.406977 19996306.113681 857.134080 2098365.346957 5.708970 0.000000 0.000000 0.000000 0.000000
1.095000e+03 2290.406977 19996306.113681 857.134080 2098365.346957 5.708970 0.000000 0.000000 0.000000 0.000000
1.110000e+03 2290.406977 19058781.488007 857.134080 2098365.346957 5.708970 0.000000 0.000000 0.000000 0.000000
1.140000e+03 2290.406977 19058781.488007 857.134080 2098365.346957 5.708970 0.000000 0.000000 0.000000 0.000000
1.170000e+03 2290.406977 19058781.488007 857.134080 2098365.346957 5.708970 0.000000 0.000000 0.000000 0.000000
1.200000e+03 2290.406977 19058781.488007 857.134080 2426069.367887 5.708970 0.000000 0.000000 0.000000 0.000000
1.230000e+03 2290.406977 19058781.488007 857.134080 2426069.367887 5.708970 0.000000 0.000000 0.000000 0.000000
1.260000e+03 2383.558593 19058781.488007 857.134080 2426069.367887 5.708970 0.000000 0.000000 0.000000 0.000000
1.290000e+03 2383.558593 19058781.488007 857.134080 2426069.367887 5.708970 0.000000 0.000000 0.000000 0.000000
1.320000e+03 2383.558593 19058781.488007 857.134080 2426069.367887 5.708970 0.000000 0.000000 0.000000 0.000000
1.350000e+03 2383.558593 19058781.488007 857.134080 2426069.367887 6.537650 0.000000 0.000000 0.000000 0.000000
1.380000e+03 2383.558593 19058781.488007 857.134080 2426069.367887 6.537650 0.000000 0.000000 0.000000 0.000000
1.410000e+03 2383.558593 19058781.488007 857.134080 2426069.367887 6.537650 0.000000 0.000000 0.000000 0.000000
1.440000e+03 2383.558593 19058781.488007 857.134080 2426069.367887 6.537650 0.000000 0.000000 0.000000 0.000000
1.460000e+03 2383.558593 19058781.488007 857.134080 2426069.367887 6.537650 0.000000 0.000000 0.000000 0.000000
1.470000e+03 2383.558593 19058781.488007 857.134080 2426069.367887 6.537650 0.000000 0.000000 0.000000 0.000000
1.500000e+03 2383.558593 14791089.703538 857.134080 2426069.367887 6.537650 0.000000 0.000000 0.000000 0.000000
1.530000e+03 2383.558593 14791089.703538 857.134080 2426069.367887 6.537650 0.000000 0.000000 0.000000 0.000000
1.560000e+03 2383.558593 14791089.703538 857.134080 2999778.399440 6.537650 0.000000 0.000000 0.000000 0.000000
1.590000e+03 2383.558593 14791089.703538 857.134080 2999778.399440 6.537650 0.000000 0.000000 0.000000 0.000000
1.620000e+03 2394.630900 14791089.703538 857.134080 2999778.399440 6.537650 0.000000 0.000000 0.000000 0.000000
1.650000e+03 2394.630900 14791089.703538 857.134080 2999778.399440 6.537650 0.000000 0.000000 0.000000 0.000000
1.680000e+03 2394.630900 14791089.703538 857.134080 2999778.399440 6.537650 0.000000 0.000000 0.000000 0.000000
1.710000e+03 2394.630900 14791089.703538 857.134080 2999778.399440 7.372538 0.000000 0.000000 0.000000 0.000000
1.740000e+03 2394.630900 14791089.703538 857.134080 2999778.399440 7.372538 0.000000 0.000000 0.000000 0.000000
1.770000e+03 2394.630900 14791089.703538 857.134080 2999778.399440 7.372538 0.000000 0.000000 0.000000 0.000000
1.800000e+03 2394.630900 14791089.703538 857.134080 2999778.399440 7.372538 0.000000 0.000000 0.000000 0.000000
1.824500e+03 2394.630900 14791089.703538 857.134080 2999778.399440 7.372538 0.000000 0.000000 0.000000 0.000000
